output type is : 
 <class 'dict'>
==============================================================
output is : 
 {'view1': {'img': tensor([[[[-1.0000, -1.0000, -1.0000,  ..., -0.9216, -0.9922, -1.0000],
          [-1.0000, -1.0000, -1.0000,  ..., -0.9137, -0.9686, -1.0000],
          [-1.0000, -1.0000, -0.9765,  ..., -0.8824, -0.9137, -0.9686],
          ...,
          [-1.0000, -1.0000, -1.0000,  ..., -1.0000, -1.0000, -1.0000],
          [-1.0000, -1.0000, -1.0000,  ..., -1.0000, -1.0000, -1.0000],
          [-1.0000, -1.0000, -1.0000,  ..., -1.0000, -1.0000, -1.0000]],

         [[-1.0000, -1.0000, -1.0000,  ..., -0.9294, -0.9922, -1.0000],
          [-1.0000, -1.0000, -1.0000,  ..., -0.9294, -0.9686, -1.0000],
          [-1.0000, -1.0000, -0.9765,  ..., -0.8824, -0.9137, -0.9686],
          ...,
          [-1.0000, -1.0000, -1.0000,  ..., -1.0000, -1.0000, -1.0000],
          [-1.0000, -1.0000, -1.0000,  ..., -1.0000, -1.0000, -1.0000],
          [-1.0000, -1.0000, -1.0000,  ..., -1.0000, -1.0000, -1.0000]],

         [[-1.0000, -1.0000, -1.0000,  ..., -0.9294, -0.9922, -1.0000],
          [-1.0000, -1.0000, -1.0000,  ..., -0.9216, -0.9686, -1.0000],
          [-1.0000, -1.0000, -0.9686,  ..., -0.8667, -0.9137, -0.9686],
          ...,
          [-1.0000, -1.0000, -1.0000,  ..., -1.0000, -1.0000, -1.0000],
          [-1.0000, -1.0000, -1.0000,  ..., -1.0000, -1.0000, -1.0000],
          [-1.0000, -1.0000, -1.0000,  ..., -1.0000, -1.0000, -1.0000]]],


        [[[-1.0000, -1.0000, -1.0000,  ..., -0.9216, -0.9922, -1.0000],
          [-1.0000, -1.0000, -1.0000,  ..., -0.9137, -0.9686, -1.0000],
          [-1.0000, -1.0000, -0.9765,  ..., -0.8824, -0.9137, -0.9686],
          ...,
          [-1.0000, -1.0000, -1.0000,  ..., -1.0000, -1.0000, -1.0000],
          [-1.0000, -1.0000, -1.0000,  ..., -1.0000, -1.0000, -1.0000],
          [-1.0000, -1.0000, -1.0000,  ..., -1.0000, -1.0000, -1.0000]],

         [[-1.0000, -1.0000, -1.0000,  ..., -0.9294, -0.9922, -1.0000],
          [-1.0000, -1.0000, -1.0000,  ..., -0.9294, -0.9686, -1.0000],
          [-1.0000, -1.0000, -0.9765,  ..., -0.8824, -0.9137, -0.9686],
          ...,
          [-1.0000, -1.0000, -1.0000,  ..., -1.0000, -1.0000, -1.0000],
          [-1.0000, -1.0000, -1.0000,  ..., -1.0000, -1.0000, -1.0000],
          [-1.0000, -1.0000, -1.0000,  ..., -1.0000, -1.0000, -1.0000]],

         [[-1.0000, -1.0000, -1.0000,  ..., -0.9294, -0.9922, -1.0000],
          [-1.0000, -1.0000, -1.0000,  ..., -0.9216, -0.9686, -1.0000],
          [-1.0000, -1.0000, -0.9686,  ..., -0.8667, -0.9137, -0.9686],
          ...,
          [-1.0000, -1.0000, -1.0000,  ..., -1.0000, -1.0000, -1.0000],
          [-1.0000, -1.0000, -1.0000,  ..., -1.0000, -1.0000, -1.0000],
          [-1.0000, -1.0000, -1.0000,  ..., -1.0000, -1.0000, -1.0000]]]]), 'true_shape': tensor([[384, 512],
        [384, 512]], dtype=torch.int32), 'idx': [1, 0], 'instance': ['1', '0']}, 'view2': {'img': tensor([[[[-1.0000, -1.0000, -1.0000,  ..., -0.9216, -0.9922, -1.0000],
          [-1.0000, -1.0000, -1.0000,  ..., -0.9137, -0.9686, -1.0000],
          [-1.0000, -1.0000, -0.9765,  ..., -0.8824, -0.9137, -0.9686],
          ...,
          [-1.0000, -1.0000, -1.0000,  ..., -1.0000, -1.0000, -1.0000],
          [-1.0000, -1.0000, -1.0000,  ..., -1.0000, -1.0000, -1.0000],
          [-1.0000, -1.0000, -1.0000,  ..., -1.0000, -1.0000, -1.0000]],

         [[-1.0000, -1.0000, -1.0000,  ..., -0.9294, -0.9922, -1.0000],
          [-1.0000, -1.0000, -1.0000,  ..., -0.9294, -0.9686, -1.0000],
          [-1.0000, -1.0000, -0.9765,  ..., -0.8824, -0.9137, -0.9686],
          ...,
          [-1.0000, -1.0000, -1.0000,  ..., -1.0000, -1.0000, -1.0000],
          [-1.0000, -1.0000, -1.0000,  ..., -1.0000, -1.0000, -1.0000],
          [-1.0000, -1.0000, -1.0000,  ..., -1.0000, -1.0000, -1.0000]],

         [[-1.0000, -1.0000, -1.0000,  ..., -0.9294, -0.9922, -1.0000],
          [-1.0000, -1.0000, -1.0000,  ..., -0.9216, -0.9686, -1.0000],
          [-1.0000, -1.0000, -0.9686,  ..., -0.8667, -0.9137, -0.9686],
          ...,
          [-1.0000, -1.0000, -1.0000,  ..., -1.0000, -1.0000, -1.0000],
          [-1.0000, -1.0000, -1.0000,  ..., -1.0000, -1.0000, -1.0000],
          [-1.0000, -1.0000, -1.0000,  ..., -1.0000, -1.0000, -1.0000]]],


        [[[-1.0000, -1.0000, -1.0000,  ..., -0.9216, -0.9922, -1.0000],
          [-1.0000, -1.0000, -1.0000,  ..., -0.9137, -0.9686, -1.0000],
          [-1.0000, -1.0000, -0.9765,  ..., -0.8824, -0.9137, -0.9686],
          ...,
          [-1.0000, -1.0000, -1.0000,  ..., -1.0000, -1.0000, -1.0000],
          [-1.0000, -1.0000, -1.0000,  ..., -1.0000, -1.0000, -1.0000],
          [-1.0000, -1.0000, -1.0000,  ..., -1.0000, -1.0000, -1.0000]],

         [[-1.0000, -1.0000, -1.0000,  ..., -0.9294, -0.9922, -1.0000],
          [-1.0000, -1.0000, -1.0000,  ..., -0.9294, -0.9686, -1.0000],
          [-1.0000, -1.0000, -0.9765,  ..., -0.8824, -0.9137, -0.9686],
          ...,
          [-1.0000, -1.0000, -1.0000,  ..., -1.0000, -1.0000, -1.0000],
          [-1.0000, -1.0000, -1.0000,  ..., -1.0000, -1.0000, -1.0000],
          [-1.0000, -1.0000, -1.0000,  ..., -1.0000, -1.0000, -1.0000]],

         [[-1.0000, -1.0000, -1.0000,  ..., -0.9294, -0.9922, -1.0000],
          [-1.0000, -1.0000, -1.0000,  ..., -0.9216, -0.9686, -1.0000],
          [-1.0000, -1.0000, -0.9686,  ..., -0.8667, -0.9137, -0.9686],
          ...,
          [-1.0000, -1.0000, -1.0000,  ..., -1.0000, -1.0000, -1.0000],
          [-1.0000, -1.0000, -1.0000,  ..., -1.0000, -1.0000, -1.0000],
          [-1.0000, -1.0000, -1.0000,  ..., -1.0000, -1.0000, -1.0000]]]]), 'true_shape': tensor([[384, 512],
        [384, 512]], dtype=torch.int32), 'idx': [0, 1], 'instance': ['0', '1']}, 'pred1': {'pts3d': tensor([[[[-0.5543, -0.3957,  0.8424],
          [-0.5433, -0.4019,  0.8241],
          [-0.5427, -0.4085,  0.8171],
          ...,
          [ 0.4976, -0.3776,  0.7557],
          [ 0.4964, -0.3816,  0.7652],
          [ 0.5156, -0.3770,  0.7771]],

         [[-0.5408, -0.3980,  0.7997],
          [-0.5366, -0.3942,  0.7889],
          [-0.5251, -0.3999,  0.7955],
          ...,
          [ 0.5046, -0.3774,  0.7685],
          [ 0.4936, -0.3787,  0.7701],
          [ 0.5058, -0.3808,  0.7723]],

         [[-0.5339, -0.3969,  0.7849],
          [-0.5322, -0.3933,  0.7789],
          [-0.5322, -0.3991,  0.7931],
          ...,
          [ 0.4938, -0.3672,  0.7534],
          [ 0.4917, -0.3707,  0.7622],
          [ 0.5009, -0.3848,  0.7589]],

         ...,

         [[-0.2639,  0.1977,  0.3993],
          [-0.2641,  0.1975,  0.3990],
          [-0.2633,  0.1979,  0.3992],
          ...,
          [ 0.2694,  0.2028,  0.4084],
          [ 0.2723,  0.2022,  0.4111],
          [ 0.2721,  0.2032,  0.4104]],

         [[-0.2619,  0.1971,  0.3989],
          [-0.2629,  0.1978,  0.3998],
          [-0.2643,  0.1984,  0.4003],
          ...,
          [ 0.2688,  0.2033,  0.4118],
          [ 0.2687,  0.2018,  0.4089],
          [ 0.2708,  0.2028,  0.4121]],

         [[-0.2627,  0.1921,  0.3930],
          [-0.2617,  0.1974,  0.3980],
          [-0.2622,  0.2001,  0.3995],
          ...,
          [ 0.2671,  0.2023,  0.4100],
          [ 0.2682,  0.2014,  0.4066],
          [ 0.2699,  0.1943,  0.4055]]],


        [[[-0.5543, -0.3957,  0.8424],
          [-0.5433, -0.4019,  0.8241],
          [-0.5427, -0.4085,  0.8171],
          ...,
          [ 0.4976, -0.3776,  0.7557],
          [ 0.4964, -0.3816,  0.7652],
          [ 0.5156, -0.3770,  0.7771]],

         [[-0.5408, -0.3980,  0.7997],
          [-0.5366, -0.3942,  0.7889],
          [-0.5251, -0.3999,  0.7955],
          ...,
          [ 0.5046, -0.3774,  0.7685],
          [ 0.4936, -0.3787,  0.7701],
          [ 0.5058, -0.3808,  0.7723]],

         [[-0.5339, -0.3969,  0.7849],
          [-0.5322, -0.3933,  0.7789],
          [-0.5322, -0.3991,  0.7931],
          ...,
          [ 0.4938, -0.3672,  0.7534],
          [ 0.4917, -0.3707,  0.7622],
          [ 0.5009, -0.3848,  0.7589]],

         ...,

         [[-0.2639,  0.1977,  0.3993],
          [-0.2641,  0.1975,  0.3990],
          [-0.2633,  0.1979,  0.3992],
          ...,
          [ 0.2694,  0.2028,  0.4084],
          [ 0.2723,  0.2022,  0.4111],
          [ 0.2721,  0.2032,  0.4104]],

         [[-0.2619,  0.1971,  0.3989],
          [-0.2629,  0.1978,  0.3998],
          [-0.2643,  0.1984,  0.4003],
          ...,
          [ 0.2688,  0.2033,  0.4118],
          [ 0.2687,  0.2018,  0.4089],
          [ 0.2708,  0.2028,  0.4121]],

         [[-0.2627,  0.1921,  0.3930],
          [-0.2617,  0.1974,  0.3980],
          [-0.2622,  0.2001,  0.3995],
          ...,
          [ 0.2671,  0.2023,  0.4100],
          [ 0.2682,  0.2014,  0.4066],
          [ 0.2699,  0.1943,  0.4055]]]]), 'conf': tensor([[[1.0331, 1.0066, 1.0047,  ..., 1.0080, 1.0076, 1.0358],
         [1.0102, 1.0008, 1.0005,  ..., 1.0015, 1.0012, 1.0086],
         [1.0073, 1.0006, 1.0004,  ..., 1.0013, 1.0012, 1.0071],
         ...,
         [4.4682, 4.9395, 5.5247,  ..., 5.1699, 4.7783, 4.9290],
         [4.9830, 4.9975, 5.0872,  ..., 5.5274, 5.0620, 4.3724],
         [4.2198, 5.3442, 5.0553,  ..., 5.1371, 4.7603, 3.3789]],

        [[1.0331, 1.0066, 1.0047,  ..., 1.0080, 1.0076, 1.0358],
         [1.0102, 1.0008, 1.0005,  ..., 1.0015, 1.0012, 1.0086],
         [1.0073, 1.0006, 1.0004,  ..., 1.0013, 1.0012, 1.0071],
         ...,
         [4.4682, 4.9395, 5.5247,  ..., 5.1699, 4.7783, 4.9290],
         [4.9830, 4.9975, 5.0872,  ..., 5.5274, 5.0620, 4.3724],
         [4.2198, 5.3442, 5.0553,  ..., 5.1371, 4.7603, 3.3789]]])}, 'pred2': {'conf': tensor([[[1.0033, 1.0015, 1.0014,  ..., 1.0055, 1.0038, 1.0016],
         [1.0018, 1.0001, 1.0001,  ..., 1.0008, 1.0010, 1.0025],
         [1.0022, 1.0001, 1.0001,  ..., 1.0009, 1.0011, 1.0039],
         ...,
         [5.0360, 6.2157, 5.6908,  ..., 5.5852, 5.8648, 5.6218],
         [4.9541, 6.4758, 5.3646,  ..., 6.0828, 6.5579, 4.9405],
         [2.0799, 5.0206, 5.0557,  ..., 6.1049, 4.6593, 2.2728]],

        [[1.0033, 1.0015, 1.0014,  ..., 1.0055, 1.0038, 1.0016],
         [1.0018, 1.0001, 1.0001,  ..., 1.0008, 1.0010, 1.0025],
         [1.0022, 1.0001, 1.0001,  ..., 1.0009, 1.0011, 1.0039],
         ...,
         [5.0360, 6.2157, 5.6908,  ..., 5.5852, 5.8648, 5.6218],
         [4.9541, 6.4758, 5.3646,  ..., 6.0828, 6.5579, 4.9405],
         [2.0799, 5.0206, 5.0557,  ..., 6.1049, 4.6593, 2.2728]]]), 'pts3d_in_other_view': tensor([[[[-0.5836, -0.3981,  0.8448],
          [-0.5679, -0.3999,  0.8167],
          [-0.5565, -0.4056,  0.8101],
          ...,
          [ 0.5132, -0.3894,  0.7612],
          [ 0.5143, -0.3875,  0.7465],
          [ 0.4854, -0.3632,  0.7368]],

         [[-0.5594, -0.4068,  0.7983],
          [-0.5609, -0.4030,  0.7928],
          [-0.5525, -0.4026,  0.7962],
          ...,
          [ 0.5050, -0.3800,  0.7709],
          [ 0.5151, -0.3844,  0.7653],
          [ 0.5187, -0.3935,  0.7654]],

         [[-0.5458, -0.4011,  0.7862],
          [-0.5471, -0.3990,  0.7914],
          [-0.5419, -0.3997,  0.7921],
          ...,
          [ 0.5054, -0.3796,  0.7631],
          [ 0.5109, -0.3777,  0.7618],
          [ 0.5145, -0.3813,  0.7563]],

         ...,

         [[-0.2644,  0.1922,  0.3979],
          [-0.2652,  0.1962,  0.3954],
          [-0.2665,  0.1963,  0.3971],
          ...,
          [ 0.2725,  0.2035,  0.4112],
          [ 0.2741,  0.2032,  0.4139],
          [ 0.2739,  0.2034,  0.4137]],

         [[-0.2640,  0.1937,  0.3902],
          [-0.2644,  0.1951,  0.3927],
          [-0.2657,  0.1986,  0.3947],
          ...,
          [ 0.2729,  0.2057,  0.4131],
          [ 0.2729,  0.2049,  0.4146],
          [ 0.2794,  0.2017,  0.4124]],

         [[-0.2633,  0.1856,  0.3873],
          [-0.2609,  0.1997,  0.3890],
          [-0.2626,  0.1983,  0.3938],
          ...,
          [ 0.2721,  0.2049,  0.4116],
          [ 0.2748,  0.2042,  0.4131],
          [ 0.2733,  0.1995,  0.4047]]],


        [[[-0.5836, -0.3981,  0.8448],
          [-0.5679, -0.3999,  0.8167],
          [-0.5565, -0.4056,  0.8101],
          ...,
          [ 0.5132, -0.3894,  0.7612],
          [ 0.5143, -0.3875,  0.7465],
          [ 0.4854, -0.3632,  0.7368]],

         [[-0.5594, -0.4068,  0.7983],
          [-0.5609, -0.4030,  0.7928],
          [-0.5525, -0.4026,  0.7962],
          ...,
          [ 0.5050, -0.3800,  0.7709],
          [ 0.5151, -0.3844,  0.7653],
          [ 0.5187, -0.3935,  0.7654]],

         [[-0.5458, -0.4011,  0.7862],
          [-0.5471, -0.3990,  0.7914],
          [-0.5419, -0.3997,  0.7921],
          ...,
          [ 0.5054, -0.3796,  0.7631],
          [ 0.5109, -0.3777,  0.7618],
          [ 0.5145, -0.3813,  0.7563]],

         ...,

         [[-0.2644,  0.1922,  0.3979],
          [-0.2652,  0.1962,  0.3954],
          [-0.2665,  0.1963,  0.3971],
          ...,
          [ 0.2725,  0.2035,  0.4112],
          [ 0.2741,  0.2032,  0.4139],
          [ 0.2739,  0.2034,  0.4137]],

         [[-0.2640,  0.1937,  0.3902],
          [-0.2644,  0.1951,  0.3927],
          [-0.2657,  0.1986,  0.3947],
          ...,
          [ 0.2729,  0.2057,  0.4131],
          [ 0.2729,  0.2049,  0.4146],
          [ 0.2794,  0.2017,  0.4124]],

         [[-0.2633,  0.1856,  0.3873],
          [-0.2609,  0.1997,  0.3890],
          [-0.2626,  0.1983,  0.3938],
          ...,
          [ 0.2721,  0.2049,  0.4116],
          [ 0.2748,  0.2042,  0.4131],
          [ 0.2733,  0.1995,  0.4047]]]])}, 'loss': None}
==============================================================
view1  is : 
 {'img': tensor([[[[-1.0000, -1.0000, -1.0000,  ..., -0.9216, -0.9922, -1.0000],
          [-1.0000, -1.0000, -1.0000,  ..., -0.9137, -0.9686, -1.0000],
          [-1.0000, -1.0000, -0.9765,  ..., -0.8824, -0.9137, -0.9686],
          ...,
          [-1.0000, -1.0000, -1.0000,  ..., -1.0000, -1.0000, -1.0000],
          [-1.0000, -1.0000, -1.0000,  ..., -1.0000, -1.0000, -1.0000],
          [-1.0000, -1.0000, -1.0000,  ..., -1.0000, -1.0000, -1.0000]],

         [[-1.0000, -1.0000, -1.0000,  ..., -0.9294, -0.9922, -1.0000],
          [-1.0000, -1.0000, -1.0000,  ..., -0.9294, -0.9686, -1.0000],
          [-1.0000, -1.0000, -0.9765,  ..., -0.8824, -0.9137, -0.9686],
          ...,
          [-1.0000, -1.0000, -1.0000,  ..., -1.0000, -1.0000, -1.0000],
          [-1.0000, -1.0000, -1.0000,  ..., -1.0000, -1.0000, -1.0000],
          [-1.0000, -1.0000, -1.0000,  ..., -1.0000, -1.0000, -1.0000]],

         [[-1.0000, -1.0000, -1.0000,  ..., -0.9294, -0.9922, -1.0000],
          [-1.0000, -1.0000, -1.0000,  ..., -0.9216, -0.9686, -1.0000],
          [-1.0000, -1.0000, -0.9686,  ..., -0.8667, -0.9137, -0.9686],
          ...,
          [-1.0000, -1.0000, -1.0000,  ..., -1.0000, -1.0000, -1.0000],
          [-1.0000, -1.0000, -1.0000,  ..., -1.0000, -1.0000, -1.0000],
          [-1.0000, -1.0000, -1.0000,  ..., -1.0000, -1.0000, -1.0000]]],


        [[[-1.0000, -1.0000, -1.0000,  ..., -0.9216, -0.9922, -1.0000],
          [-1.0000, -1.0000, -1.0000,  ..., -0.9137, -0.9686, -1.0000],
          [-1.0000, -1.0000, -0.9765,  ..., -0.8824, -0.9137, -0.9686],
          ...,
          [-1.0000, -1.0000, -1.0000,  ..., -1.0000, -1.0000, -1.0000],
          [-1.0000, -1.0000, -1.0000,  ..., -1.0000, -1.0000, -1.0000],
          [-1.0000, -1.0000, -1.0000,  ..., -1.0000, -1.0000, -1.0000]],

         [[-1.0000, -1.0000, -1.0000,  ..., -0.9294, -0.9922, -1.0000],
          [-1.0000, -1.0000, -1.0000,  ..., -0.9294, -0.9686, -1.0000],
          [-1.0000, -1.0000, -0.9765,  ..., -0.8824, -0.9137, -0.9686],
          ...,
          [-1.0000, -1.0000, -1.0000,  ..., -1.0000, -1.0000, -1.0000],
          [-1.0000, -1.0000, -1.0000,  ..., -1.0000, -1.0000, -1.0000],
          [-1.0000, -1.0000, -1.0000,  ..., -1.0000, -1.0000, -1.0000]],

         [[-1.0000, -1.0000, -1.0000,  ..., -0.9294, -0.9922, -1.0000],
          [-1.0000, -1.0000, -1.0000,  ..., -0.9216, -0.9686, -1.0000],
          [-1.0000, -1.0000, -0.9686,  ..., -0.8667, -0.9137, -0.9686],
          ...,
          [-1.0000, -1.0000, -1.0000,  ..., -1.0000, -1.0000, -1.0000],
          [-1.0000, -1.0000, -1.0000,  ..., -1.0000, -1.0000, -1.0000],
          [-1.0000, -1.0000, -1.0000,  ..., -1.0000, -1.0000, -1.0000]]]]), 'true_shape': tensor([[384, 512],
        [384, 512]], dtype=torch.int32), 'idx': [1, 0], 'instance': ['1', '0']}
==============================================================
view2 is : 
 {'img': tensor([[[[-1.0000, -1.0000, -1.0000,  ..., -0.9216, -0.9922, -1.0000],
          [-1.0000, -1.0000, -1.0000,  ..., -0.9137, -0.9686, -1.0000],
          [-1.0000, -1.0000, -0.9765,  ..., -0.8824, -0.9137, -0.9686],
          ...,
          [-1.0000, -1.0000, -1.0000,  ..., -1.0000, -1.0000, -1.0000],
          [-1.0000, -1.0000, -1.0000,  ..., -1.0000, -1.0000, -1.0000],
          [-1.0000, -1.0000, -1.0000,  ..., -1.0000, -1.0000, -1.0000]],

         [[-1.0000, -1.0000, -1.0000,  ..., -0.9294, -0.9922, -1.0000],
          [-1.0000, -1.0000, -1.0000,  ..., -0.9294, -0.9686, -1.0000],
          [-1.0000, -1.0000, -0.9765,  ..., -0.8824, -0.9137, -0.9686],
          ...,
          [-1.0000, -1.0000, -1.0000,  ..., -1.0000, -1.0000, -1.0000],
          [-1.0000, -1.0000, -1.0000,  ..., -1.0000, -1.0000, -1.0000],
          [-1.0000, -1.0000, -1.0000,  ..., -1.0000, -1.0000, -1.0000]],

         [[-1.0000, -1.0000, -1.0000,  ..., -0.9294, -0.9922, -1.0000],
          [-1.0000, -1.0000, -1.0000,  ..., -0.9216, -0.9686, -1.0000],
          [-1.0000, -1.0000, -0.9686,  ..., -0.8667, -0.9137, -0.9686],
          ...,
          [-1.0000, -1.0000, -1.0000,  ..., -1.0000, -1.0000, -1.0000],
          [-1.0000, -1.0000, -1.0000,  ..., -1.0000, -1.0000, -1.0000],
          [-1.0000, -1.0000, -1.0000,  ..., -1.0000, -1.0000, -1.0000]]],


        [[[-1.0000, -1.0000, -1.0000,  ..., -0.9216, -0.9922, -1.0000],
          [-1.0000, -1.0000, -1.0000,  ..., -0.9137, -0.9686, -1.0000],
          [-1.0000, -1.0000, -0.9765,  ..., -0.8824, -0.9137, -0.9686],
          ...,
          [-1.0000, -1.0000, -1.0000,  ..., -1.0000, -1.0000, -1.0000],
          [-1.0000, -1.0000, -1.0000,  ..., -1.0000, -1.0000, -1.0000],
          [-1.0000, -1.0000, -1.0000,  ..., -1.0000, -1.0000, -1.0000]],

         [[-1.0000, -1.0000, -1.0000,  ..., -0.9294, -0.9922, -1.0000],
          [-1.0000, -1.0000, -1.0000,  ..., -0.9294, -0.9686, -1.0000],
          [-1.0000, -1.0000, -0.9765,  ..., -0.8824, -0.9137, -0.9686],
          ...,
          [-1.0000, -1.0000, -1.0000,  ..., -1.0000, -1.0000, -1.0000],
          [-1.0000, -1.0000, -1.0000,  ..., -1.0000, -1.0000, -1.0000],
          [-1.0000, -1.0000, -1.0000,  ..., -1.0000, -1.0000, -1.0000]],

         [[-1.0000, -1.0000, -1.0000,  ..., -0.9294, -0.9922, -1.0000],
          [-1.0000, -1.0000, -1.0000,  ..., -0.9216, -0.9686, -1.0000],
          [-1.0000, -1.0000, -0.9686,  ..., -0.8667, -0.9137, -0.9686],
          ...,
          [-1.0000, -1.0000, -1.0000,  ..., -1.0000, -1.0000, -1.0000],
          [-1.0000, -1.0000, -1.0000,  ..., -1.0000, -1.0000, -1.0000],
          [-1.0000, -1.0000, -1.0000,  ..., -1.0000, -1.0000, -1.0000]]]]), 'true_shape': tensor([[384, 512],
        [384, 512]], dtype=torch.int32), 'idx': [0, 1], 'instance': ['0', '1']}
==============================================================
pred1 is : 
 {'pts3d': tensor([[[[-0.5543, -0.3957,  0.8424],
          [-0.5433, -0.4019,  0.8241],
          [-0.5427, -0.4085,  0.8171],
          ...,
          [ 0.4976, -0.3776,  0.7557],
          [ 0.4964, -0.3816,  0.7652],
          [ 0.5156, -0.3770,  0.7771]],

         [[-0.5408, -0.3980,  0.7997],
          [-0.5366, -0.3942,  0.7889],
          [-0.5251, -0.3999,  0.7955],
          ...,
          [ 0.5046, -0.3774,  0.7685],
          [ 0.4936, -0.3787,  0.7701],
          [ 0.5058, -0.3808,  0.7723]],

         [[-0.5339, -0.3969,  0.7849],
          [-0.5322, -0.3933,  0.7789],
          [-0.5322, -0.3991,  0.7931],
          ...,
          [ 0.4938, -0.3672,  0.7534],
          [ 0.4917, -0.3707,  0.7622],
          [ 0.5009, -0.3848,  0.7589]],

         ...,

         [[-0.2639,  0.1977,  0.3993],
          [-0.2641,  0.1975,  0.3990],
          [-0.2633,  0.1979,  0.3992],
          ...,
          [ 0.2694,  0.2028,  0.4084],
          [ 0.2723,  0.2022,  0.4111],
          [ 0.2721,  0.2032,  0.4104]],

         [[-0.2619,  0.1971,  0.3989],
          [-0.2629,  0.1978,  0.3998],
          [-0.2643,  0.1984,  0.4003],
          ...,
          [ 0.2688,  0.2033,  0.4118],
          [ 0.2687,  0.2018,  0.4089],
          [ 0.2708,  0.2028,  0.4121]],

         [[-0.2627,  0.1921,  0.3930],
          [-0.2617,  0.1974,  0.3980],
          [-0.2622,  0.2001,  0.3995],
          ...,
          [ 0.2671,  0.2023,  0.4100],
          [ 0.2682,  0.2014,  0.4066],
          [ 0.2699,  0.1943,  0.4055]]],


        [[[-0.5543, -0.3957,  0.8424],
          [-0.5433, -0.4019,  0.8241],
          [-0.5427, -0.4085,  0.8171],
          ...,
          [ 0.4976, -0.3776,  0.7557],
          [ 0.4964, -0.3816,  0.7652],
          [ 0.5156, -0.3770,  0.7771]],

         [[-0.5408, -0.3980,  0.7997],
          [-0.5366, -0.3942,  0.7889],
          [-0.5251, -0.3999,  0.7955],
          ...,
          [ 0.5046, -0.3774,  0.7685],
          [ 0.4936, -0.3787,  0.7701],
          [ 0.5058, -0.3808,  0.7723]],

         [[-0.5339, -0.3969,  0.7849],
          [-0.5322, -0.3933,  0.7789],
          [-0.5322, -0.3991,  0.7931],
          ...,
          [ 0.4938, -0.3672,  0.7534],
          [ 0.4917, -0.3707,  0.7622],
          [ 0.5009, -0.3848,  0.7589]],

         ...,

         [[-0.2639,  0.1977,  0.3993],
          [-0.2641,  0.1975,  0.3990],
          [-0.2633,  0.1979,  0.3992],
          ...,
          [ 0.2694,  0.2028,  0.4084],
          [ 0.2723,  0.2022,  0.4111],
          [ 0.2721,  0.2032,  0.4104]],

         [[-0.2619,  0.1971,  0.3989],
          [-0.2629,  0.1978,  0.3998],
          [-0.2643,  0.1984,  0.4003],
          ...,
          [ 0.2688,  0.2033,  0.4118],
          [ 0.2687,  0.2018,  0.4089],
          [ 0.2708,  0.2028,  0.4121]],

         [[-0.2627,  0.1921,  0.3930],
          [-0.2617,  0.1974,  0.3980],
          [-0.2622,  0.2001,  0.3995],
          ...,
          [ 0.2671,  0.2023,  0.4100],
          [ 0.2682,  0.2014,  0.4066],
          [ 0.2699,  0.1943,  0.4055]]]]), 'conf': tensor([[[1.0331, 1.0066, 1.0047,  ..., 1.0080, 1.0076, 1.0358],
         [1.0102, 1.0008, 1.0005,  ..., 1.0015, 1.0012, 1.0086],
         [1.0073, 1.0006, 1.0004,  ..., 1.0013, 1.0012, 1.0071],
         ...,
         [4.4682, 4.9395, 5.5247,  ..., 5.1699, 4.7783, 4.9290],
         [4.9830, 4.9975, 5.0872,  ..., 5.5274, 5.0620, 4.3724],
         [4.2198, 5.3442, 5.0553,  ..., 5.1371, 4.7603, 3.3789]],

        [[1.0331, 1.0066, 1.0047,  ..., 1.0080, 1.0076, 1.0358],
         [1.0102, 1.0008, 1.0005,  ..., 1.0015, 1.0012, 1.0086],
         [1.0073, 1.0006, 1.0004,  ..., 1.0013, 1.0012, 1.0071],
         ...,
         [4.4682, 4.9395, 5.5247,  ..., 5.1699, 4.7783, 4.9290],
         [4.9830, 4.9975, 5.0872,  ..., 5.5274, 5.0620, 4.3724],
         [4.2198, 5.3442, 5.0553,  ..., 5.1371, 4.7603, 3.3789]]])}
==============================================================
pred2 is : 
 {'conf': tensor([[[1.0033, 1.0015, 1.0014,  ..., 1.0055, 1.0038, 1.0016],
         [1.0018, 1.0001, 1.0001,  ..., 1.0008, 1.0010, 1.0025],
         [1.0022, 1.0001, 1.0001,  ..., 1.0009, 1.0011, 1.0039],
         ...,
         [5.0360, 6.2157, 5.6908,  ..., 5.5852, 5.8648, 5.6218],
         [4.9541, 6.4758, 5.3646,  ..., 6.0828, 6.5579, 4.9405],
         [2.0799, 5.0206, 5.0557,  ..., 6.1049, 4.6593, 2.2728]],

        [[1.0033, 1.0015, 1.0014,  ..., 1.0055, 1.0038, 1.0016],
         [1.0018, 1.0001, 1.0001,  ..., 1.0008, 1.0010, 1.0025],
         [1.0022, 1.0001, 1.0001,  ..., 1.0009, 1.0011, 1.0039],
         ...,
         [5.0360, 6.2157, 5.6908,  ..., 5.5852, 5.8648, 5.6218],
         [4.9541, 6.4758, 5.3646,  ..., 6.0828, 6.5579, 4.9405],
         [2.0799, 5.0206, 5.0557,  ..., 6.1049, 4.6593, 2.2728]]]), 'pts3d_in_other_view': tensor([[[[-0.5836, -0.3981,  0.8448],
          [-0.5679, -0.3999,  0.8167],
          [-0.5565, -0.4056,  0.8101],
          ...,
          [ 0.5132, -0.3894,  0.7612],
          [ 0.5143, -0.3875,  0.7465],
          [ 0.4854, -0.3632,  0.7368]],

         [[-0.5594, -0.4068,  0.7983],
          [-0.5609, -0.4030,  0.7928],
          [-0.5525, -0.4026,  0.7962],
          ...,
          [ 0.5050, -0.3800,  0.7709],
          [ 0.5151, -0.3844,  0.7653],
          [ 0.5187, -0.3935,  0.7654]],

         [[-0.5458, -0.4011,  0.7862],
          [-0.5471, -0.3990,  0.7914],
          [-0.5419, -0.3997,  0.7921],
          ...,
          [ 0.5054, -0.3796,  0.7631],
          [ 0.5109, -0.3777,  0.7618],
          [ 0.5145, -0.3813,  0.7563]],

         ...,

         [[-0.2644,  0.1922,  0.3979],
          [-0.2652,  0.1962,  0.3954],
          [-0.2665,  0.1963,  0.3971],
          ...,
          [ 0.2725,  0.2035,  0.4112],
          [ 0.2741,  0.2032,  0.4139],
          [ 0.2739,  0.2034,  0.4137]],

         [[-0.2640,  0.1937,  0.3902],
          [-0.2644,  0.1951,  0.3927],
          [-0.2657,  0.1986,  0.3947],
          ...,
          [ 0.2729,  0.2057,  0.4131],
          [ 0.2729,  0.2049,  0.4146],
          [ 0.2794,  0.2017,  0.4124]],

         [[-0.2633,  0.1856,  0.3873],
          [-0.2609,  0.1997,  0.3890],
          [-0.2626,  0.1983,  0.3938],
          ...,
          [ 0.2721,  0.2049,  0.4116],
          [ 0.2748,  0.2042,  0.4131],
          [ 0.2733,  0.1995,  0.4047]]],


        [[[-0.5836, -0.3981,  0.8448],
          [-0.5679, -0.3999,  0.8167],
          [-0.5565, -0.4056,  0.8101],
          ...,
          [ 0.5132, -0.3894,  0.7612],
          [ 0.5143, -0.3875,  0.7465],
          [ 0.4854, -0.3632,  0.7368]],

         [[-0.5594, -0.4068,  0.7983],
          [-0.5609, -0.4030,  0.7928],
          [-0.5525, -0.4026,  0.7962],
          ...,
          [ 0.5050, -0.3800,  0.7709],
          [ 0.5151, -0.3844,  0.7653],
          [ 0.5187, -0.3935,  0.7654]],

         [[-0.5458, -0.4011,  0.7862],
          [-0.5471, -0.3990,  0.7914],
          [-0.5419, -0.3997,  0.7921],
          ...,
          [ 0.5054, -0.3796,  0.7631],
          [ 0.5109, -0.3777,  0.7618],
          [ 0.5145, -0.3813,  0.7563]],

         ...,

         [[-0.2644,  0.1922,  0.3979],
          [-0.2652,  0.1962,  0.3954],
          [-0.2665,  0.1963,  0.3971],
          ...,
          [ 0.2725,  0.2035,  0.4112],
          [ 0.2741,  0.2032,  0.4139],
          [ 0.2739,  0.2034,  0.4137]],

         [[-0.2640,  0.1937,  0.3902],
          [-0.2644,  0.1951,  0.3927],
          [-0.2657,  0.1986,  0.3947],
          ...,
          [ 0.2729,  0.2057,  0.4131],
          [ 0.2729,  0.2049,  0.4146],
          [ 0.2794,  0.2017,  0.4124]],

         [[-0.2633,  0.1856,  0.3873],
          [-0.2609,  0.1997,  0.3890],
          [-0.2626,  0.1983,  0.3938],
          ...,
          [ 0.2721,  0.2049,  0.4116],
          [ 0.2748,  0.2042,  0.4131],
          [ 0.2733,  0.1995,  0.4047]]]])}
==============================================================
view1['true_shape'] is : 
 tensor([[384, 512],
        [384, 512]], dtype=torch.int32)
==============================================================
view2['true_shape'] is : 
 tensor([[384, 512],
        [384, 512]], dtype=torch.int32)
==============================================================
view1['instance'] is : 
 ['1', '0']
==============================================================
view2['instance'] is : 
 ['0', '1']
==============================================================
pred1['conf'] is : 
 tensor([[[1.0331, 1.0066, 1.0047,  ..., 1.0080, 1.0076, 1.0358],
         [1.0102, 1.0008, 1.0005,  ..., 1.0015, 1.0012, 1.0086],
         [1.0073, 1.0006, 1.0004,  ..., 1.0013, 1.0012, 1.0071],
         ...,
         [4.4682, 4.9395, 5.5247,  ..., 5.1699, 4.7783, 4.9290],
         [4.9830, 4.9975, 5.0872,  ..., 5.5274, 5.0620, 4.3724],
         [4.2198, 5.3442, 5.0553,  ..., 5.1371, 4.7603, 3.3789]],

        [[1.0331, 1.0066, 1.0047,  ..., 1.0080, 1.0076, 1.0358],
         [1.0102, 1.0008, 1.0005,  ..., 1.0015, 1.0012, 1.0086],
         [1.0073, 1.0006, 1.0004,  ..., 1.0013, 1.0012, 1.0071],
         ...,
         [4.4682, 4.9395, 5.5247,  ..., 5.1699, 4.7783, 4.9290],
         [4.9830, 4.9975, 5.0872,  ..., 5.5274, 5.0620, 4.3724],
         [4.2198, 5.3442, 5.0553,  ..., 5.1371, 4.7603, 3.3789]]])
==============================================================
pred2['conf'] is : 
 tensor([[[1.0033, 1.0015, 1.0014,  ..., 1.0055, 1.0038, 1.0016],
         [1.0018, 1.0001, 1.0001,  ..., 1.0008, 1.0010, 1.0025],
         [1.0022, 1.0001, 1.0001,  ..., 1.0009, 1.0011, 1.0039],
         ...,
         [5.0360, 6.2157, 5.6908,  ..., 5.5852, 5.8648, 5.6218],
         [4.9541, 6.4758, 5.3646,  ..., 6.0828, 6.5579, 4.9405],
         [2.0799, 5.0206, 5.0557,  ..., 6.1049, 4.6593, 2.2728]],

        [[1.0033, 1.0015, 1.0014,  ..., 1.0055, 1.0038, 1.0016],
         [1.0018, 1.0001, 1.0001,  ..., 1.0008, 1.0010, 1.0025],
         [1.0022, 1.0001, 1.0001,  ..., 1.0009, 1.0011, 1.0039],
         ...,
         [5.0360, 6.2157, 5.6908,  ..., 5.5852, 5.8648, 5.6218],
         [4.9541, 6.4758, 5.3646,  ..., 6.0828, 6.5579, 4.9405],
         [2.0799, 5.0206, 5.0557,  ..., 6.1049, 4.6593, 2.2728]]])
==============================================================
pred1['pts3d'] is : 
 tensor([[[[-0.5543, -0.3957,  0.8424],
          [-0.5433, -0.4019,  0.8241],
          [-0.5427, -0.4085,  0.8171],
          ...,
          [ 0.4976, -0.3776,  0.7557],
          [ 0.4964, -0.3816,  0.7652],
          [ 0.5156, -0.3770,  0.7771]],

         [[-0.5408, -0.3980,  0.7997],
          [-0.5366, -0.3942,  0.7889],
          [-0.5251, -0.3999,  0.7955],
          ...,
          [ 0.5046, -0.3774,  0.7685],
          [ 0.4936, -0.3787,  0.7701],
          [ 0.5058, -0.3808,  0.7723]],

         [[-0.5339, -0.3969,  0.7849],
          [-0.5322, -0.3933,  0.7789],
          [-0.5322, -0.3991,  0.7931],
          ...,
          [ 0.4938, -0.3672,  0.7534],
          [ 0.4917, -0.3707,  0.7622],
          [ 0.5009, -0.3848,  0.7589]],

         ...,

         [[-0.2639,  0.1977,  0.3993],
          [-0.2641,  0.1975,  0.3990],
          [-0.2633,  0.1979,  0.3992],
          ...,
          [ 0.2694,  0.2028,  0.4084],
          [ 0.2723,  0.2022,  0.4111],
          [ 0.2721,  0.2032,  0.4104]],

         [[-0.2619,  0.1971,  0.3989],
          [-0.2629,  0.1978,  0.3998],
          [-0.2643,  0.1984,  0.4003],
          ...,
          [ 0.2688,  0.2033,  0.4118],
          [ 0.2687,  0.2018,  0.4089],
          [ 0.2708,  0.2028,  0.4121]],

         [[-0.2627,  0.1921,  0.3930],
          [-0.2617,  0.1974,  0.3980],
          [-0.2622,  0.2001,  0.3995],
          ...,
          [ 0.2671,  0.2023,  0.4100],
          [ 0.2682,  0.2014,  0.4066],
          [ 0.2699,  0.1943,  0.4055]]],


        [[[-0.5543, -0.3957,  0.8424],
          [-0.5433, -0.4019,  0.8241],
          [-0.5427, -0.4085,  0.8171],
          ...,
          [ 0.4976, -0.3776,  0.7557],
          [ 0.4964, -0.3816,  0.7652],
          [ 0.5156, -0.3770,  0.7771]],

         [[-0.5408, -0.3980,  0.7997],
          [-0.5366, -0.3942,  0.7889],
          [-0.5251, -0.3999,  0.7955],
          ...,
          [ 0.5046, -0.3774,  0.7685],
          [ 0.4936, -0.3787,  0.7701],
          [ 0.5058, -0.3808,  0.7723]],

         [[-0.5339, -0.3969,  0.7849],
          [-0.5322, -0.3933,  0.7789],
          [-0.5322, -0.3991,  0.7931],
          ...,
          [ 0.4938, -0.3672,  0.7534],
          [ 0.4917, -0.3707,  0.7622],
          [ 0.5009, -0.3848,  0.7589]],

         ...,

         [[-0.2639,  0.1977,  0.3993],
          [-0.2641,  0.1975,  0.3990],
          [-0.2633,  0.1979,  0.3992],
          ...,
          [ 0.2694,  0.2028,  0.4084],
          [ 0.2723,  0.2022,  0.4111],
          [ 0.2721,  0.2032,  0.4104]],

         [[-0.2619,  0.1971,  0.3989],
          [-0.2629,  0.1978,  0.3998],
          [-0.2643,  0.1984,  0.4003],
          ...,
          [ 0.2688,  0.2033,  0.4118],
          [ 0.2687,  0.2018,  0.4089],
          [ 0.2708,  0.2028,  0.4121]],

         [[-0.2627,  0.1921,  0.3930],
          [-0.2617,  0.1974,  0.3980],
          [-0.2622,  0.2001,  0.3995],
          ...,
          [ 0.2671,  0.2023,  0.4100],
          [ 0.2682,  0.2014,  0.4066],
          [ 0.2699,  0.1943,  0.4055]]]])
==============================================================
pred2['pts3d_in_other_view'] is : 
 tensor([[[[-0.5836, -0.3981,  0.8448],
          [-0.5679, -0.3999,  0.8167],
          [-0.5565, -0.4056,  0.8101],
          ...,
          [ 0.5132, -0.3894,  0.7612],
          [ 0.5143, -0.3875,  0.7465],
          [ 0.4854, -0.3632,  0.7368]],

         [[-0.5594, -0.4068,  0.7983],
          [-0.5609, -0.4030,  0.7928],
          [-0.5525, -0.4026,  0.7962],
          ...,
          [ 0.5050, -0.3800,  0.7709],
          [ 0.5151, -0.3844,  0.7653],
          [ 0.5187, -0.3935,  0.7654]],

         [[-0.5458, -0.4011,  0.7862],
          [-0.5471, -0.3990,  0.7914],
          [-0.5419, -0.3997,  0.7921],
          ...,
          [ 0.5054, -0.3796,  0.7631],
          [ 0.5109, -0.3777,  0.7618],
          [ 0.5145, -0.3813,  0.7563]],

         ...,

         [[-0.2644,  0.1922,  0.3979],
          [-0.2652,  0.1962,  0.3954],
          [-0.2665,  0.1963,  0.3971],
          ...,
          [ 0.2725,  0.2035,  0.4112],
          [ 0.2741,  0.2032,  0.4139],
          [ 0.2739,  0.2034,  0.4137]],

         [[-0.2640,  0.1937,  0.3902],
          [-0.2644,  0.1951,  0.3927],
          [-0.2657,  0.1986,  0.3947],
          ...,
          [ 0.2729,  0.2057,  0.4131],
          [ 0.2729,  0.2049,  0.4146],
          [ 0.2794,  0.2017,  0.4124]],

         [[-0.2633,  0.1856,  0.3873],
          [-0.2609,  0.1997,  0.3890],
          [-0.2626,  0.1983,  0.3938],
          ...,
          [ 0.2721,  0.2049,  0.4116],
          [ 0.2748,  0.2042,  0.4131],
          [ 0.2733,  0.1995,  0.4047]]],


        [[[-0.5836, -0.3981,  0.8448],
          [-0.5679, -0.3999,  0.8167],
          [-0.5565, -0.4056,  0.8101],
          ...,
          [ 0.5132, -0.3894,  0.7612],
          [ 0.5143, -0.3875,  0.7465],
          [ 0.4854, -0.3632,  0.7368]],

         [[-0.5594, -0.4068,  0.7983],
          [-0.5609, -0.4030,  0.7928],
          [-0.5525, -0.4026,  0.7962],
          ...,
          [ 0.5050, -0.3800,  0.7709],
          [ 0.5151, -0.3844,  0.7653],
          [ 0.5187, -0.3935,  0.7654]],

         [[-0.5458, -0.4011,  0.7862],
          [-0.5471, -0.3990,  0.7914],
          [-0.5419, -0.3997,  0.7921],
          ...,
          [ 0.5054, -0.3796,  0.7631],
          [ 0.5109, -0.3777,  0.7618],
          [ 0.5145, -0.3813,  0.7563]],

         ...,

         [[-0.2644,  0.1922,  0.3979],
          [-0.2652,  0.1962,  0.3954],
          [-0.2665,  0.1963,  0.3971],
          ...,
          [ 0.2725,  0.2035,  0.4112],
          [ 0.2741,  0.2032,  0.4139],
          [ 0.2739,  0.2034,  0.4137]],

         [[-0.2640,  0.1937,  0.3902],
          [-0.2644,  0.1951,  0.3927],
          [-0.2657,  0.1986,  0.3947],
          ...,
          [ 0.2729,  0.2057,  0.4131],
          [ 0.2729,  0.2049,  0.4146],
          [ 0.2794,  0.2017,  0.4124]],

         [[-0.2633,  0.1856,  0.3873],
          [-0.2609,  0.1997,  0.3890],
          [-0.2626,  0.1983,  0.3938],
          ...,
          [ 0.2721,  0.2049,  0.4116],
          [ 0.2748,  0.2042,  0.4131],
          [ 0.2733,  0.1995,  0.4047]]]])
==============================================================
 init edge (0*,1*) score=111.87943267822266
 init loss = 0.002006897237151861
Global alignement - optimizing for:
['pw_poses', 'im_depthmaps', 'im_poses', 'im_focals', 'im_conf.0', 'im_conf.1']
100%|███████████████████████████████████████████████████████████████████████████████████████████████████████████████████████████████████████████████████| 300/300 [00:19<00:00, 15.06it/s, lr=0.01 loss=0.00164963]
imgs type is : 
 [array([[[0.        , 0.        , 0.        ],
        [0.        , 0.        , 0.        ],
        [0.        , 0.        , 0.        ],
        ...,
        [0.03921568, 0.03529412, 0.03529412],
        [0.00392157, 0.00392157, 0.00392157],
        [0.        , 0.        , 0.        ]],

       [[0.        , 0.        , 0.        ],
        [0.        , 0.        , 0.        ],
        [0.        , 0.        , 0.        ],
        ...,
        [0.04313725, 0.03529412, 0.03921568],
        [0.01568627, 0.01568627, 0.01568627],
        [0.        , 0.        , 0.        ]],

       [[0.        , 0.        , 0.        ],
        [0.        , 0.        , 0.        ],
        [0.01176471, 0.01176471, 0.01568627],
        ...,
        [0.05882353, 0.05882353, 0.06666666],
        [0.04313725, 0.04313725, 0.04313725],
        [0.01568627, 0.01568627, 0.01568627]],

       ...,

       [[0.        , 0.        , 0.        ],
        [0.        , 0.        , 0.        ],
        [0.        , 0.        , 0.        ],
        ...,
        [0.        , 0.        , 0.        ],
        [0.        , 0.        , 0.        ],
        [0.        , 0.        , 0.        ]],

       [[0.        , 0.        , 0.        ],
        [0.        , 0.        , 0.        ],
        [0.        , 0.        , 0.        ],
        ...,
        [0.        , 0.        , 0.        ],
        [0.        , 0.        , 0.        ],
        [0.        , 0.        , 0.        ]],

       [[0.        , 0.        , 0.        ],
        [0.        , 0.        , 0.        ],
        [0.        , 0.        , 0.        ],
        ...,
        [0.        , 0.        , 0.        ],
        [0.        , 0.        , 0.        ],
        [0.        , 0.        , 0.        ]]], dtype=float32), array([[[0.        , 0.        , 0.        ],
        [0.        , 0.        , 0.        ],
        [0.        , 0.        , 0.        ],
        ...,
        [0.03921568, 0.03529412, 0.03529412],
        [0.00392157, 0.00392157, 0.00392157],
        [0.        , 0.        , 0.        ]],

       [[0.        , 0.        , 0.        ],
        [0.        , 0.        , 0.        ],
        [0.        , 0.        , 0.        ],
        ...,
        [0.04313725, 0.03529412, 0.03921568],
        [0.01568627, 0.01568627, 0.01568627],
        [0.        , 0.        , 0.        ]],

       [[0.        , 0.        , 0.        ],
        [0.        , 0.        , 0.        ],
        [0.01176471, 0.01176471, 0.01568627],
        ...,
        [0.05882353, 0.05882353, 0.06666666],
        [0.04313725, 0.04313725, 0.04313725],
        [0.01568627, 0.01568627, 0.01568627]],

       ...,

       [[0.        , 0.        , 0.        ],
        [0.        , 0.        , 0.        ],
        [0.        , 0.        , 0.        ],
        ...,
        [0.        , 0.        , 0.        ],
        [0.        , 0.        , 0.        ],
        [0.        , 0.        , 0.        ]],

       [[0.        , 0.        , 0.        ],
        [0.        , 0.        , 0.        ],
        [0.        , 0.        , 0.        ],
        ...,
        [0.        , 0.        , 0.        ],
        [0.        , 0.        , 0.        ],
        [0.        , 0.        , 0.        ]],

       [[0.        , 0.        , 0.        ],
        [0.        , 0.        , 0.        ],
        [0.        , 0.        , 0.        ],
        ...,
        [0.        , 0.        , 0.        ],
        [0.        , 0.        , 0.        ],
        [0.        , 0.        , 0.        ]]], dtype=float32)]
==============================================================
focals type is : 
 tensor([[384.1885],
        [383.9380]], grad_fn=<ExpBackward0>)
==============================================================
poses type is : 
 tensor([[[ 9.9998e-01,  2.1335e-03,  5.2787e-03,  0.0000e+00],
         [-2.1330e-03,  1.0000e+00, -1.0772e-04,  0.0000e+00],
         [-5.2789e-03,  9.6462e-05,  9.9999e-01,  0.0000e+00],
         [ 0.0000e+00,  0.0000e+00,  0.0000e+00,  1.0000e+00]],

        [[ 9.9998e-01,  2.1296e-03,  5.2635e-03,  2.9099e-06],
         [-2.1293e-03,  1.0000e+00, -5.6813e-05, -9.3842e-06],
         [-5.2637e-03,  4.5604e-05,  9.9999e-01,  1.2147e-04],
         [ 0.0000e+00,  0.0000e+00,  0.0000e+00,  1.0000e+00]]],
       grad_fn=<CopySlices>)
==============================================================
pts3d type is : 
 [tensor([[[-0.2758, -0.2076,  0.4179],
         [-0.2704, -0.2044,  0.4114],
         [-0.2687, -0.2039,  0.4104],
         ...,
         [ 0.2504, -0.1894,  0.3766],
         [ 0.2530, -0.1906,  0.3790],
         [ 0.2582, -0.1938,  0.3851]],

        [[-0.2659, -0.1992,  0.4031],
         [-0.2622, -0.1972,  0.3990],
         [-0.2617, -0.1976,  0.3998],
         ...,
         [ 0.2542, -0.1913,  0.3823],
         [ 0.2550, -0.1911,  0.3819],
         [ 0.2568, -0.1917,  0.3831]],

        [[-0.2624, -0.1955,  0.3977],
         [-0.2601, -0.1945,  0.3958],
         [-0.2623, -0.1969,  0.4006],
         ...,
         [ 0.2497, -0.1869,  0.3755],
         [ 0.2530, -0.1887,  0.3790],
         [ 0.2542, -0.1888,  0.3792]],

        ...,

        [[-0.1314,  0.0982,  0.1998],
         [-0.1310,  0.0983,  0.1999],
         [-0.1308,  0.0985,  0.2005],
         ...,
         [ 0.1366,  0.1007,  0.2047],
         [ 0.1379,  0.1014,  0.2060],
         [ 0.1383,  0.1012,  0.2056]],

        [[-0.1303,  0.0979,  0.1981],
         [-0.1304,  0.0984,  0.1991],
         [-0.1310,  0.0992,  0.2008],
         ...,
         [ 0.1372,  0.1018,  0.2057],
         [ 0.1378,  0.1018,  0.2057],
         [ 0.1380,  0.1015,  0.2052]],

        [[-0.1293,  0.0977,  0.1967],
         [-0.1301,  0.0986,  0.1986],
         [-0.1302,  0.0991,  0.1995],
         ...,
         [ 0.1368,  0.1019,  0.2050],
         [ 0.1361,  0.1011,  0.2032],
         [ 0.1356,  0.1003,  0.2017]]], grad_fn=<ViewBackward0>), tensor([[[-0.2758, -0.2076,  0.4178],
         [-0.2704, -0.2044,  0.4113],
         [-0.2687, -0.2039,  0.4104],
         ...,
         [ 0.2505, -0.1894,  0.3765],
         [ 0.2530, -0.1906,  0.3789],
         [ 0.2582, -0.1938,  0.3851]],

        [[-0.2660, -0.1992,  0.4030],
         [-0.2622, -0.1971,  0.3988],
         [-0.2617, -0.1975,  0.3996],
         ...,
         [ 0.2542, -0.1913,  0.3821],
         [ 0.2550, -0.1911,  0.3818],
         [ 0.2568, -0.1917,  0.3830]],

        [[-0.2624, -0.1955,  0.3976],
         [-0.2600, -0.1944,  0.3955],
         [-0.2622, -0.1969,  0.4004],
         ...,
         [ 0.2497, -0.1869,  0.3754],
         [ 0.2530, -0.1887,  0.3789],
         [ 0.2542, -0.1888,  0.3791]],

        ...,

        [[-0.1314,  0.0982,  0.1998],
         [-0.1310,  0.0983,  0.1999],
         [-0.1308,  0.0985,  0.2005],
         ...,
         [ 0.1366,  0.1007,  0.2047],
         [ 0.1379,  0.1014,  0.2060],
         [ 0.1383,  0.1012,  0.2056]],

        [[-0.1303,  0.0979,  0.1981],
         [-0.1304,  0.0984,  0.1991],
         [-0.1310,  0.0992,  0.2008],
         ...,
         [ 0.1372,  0.1018,  0.2057],
         [ 0.1378,  0.1018,  0.2057],
         [ 0.1380,  0.1015,  0.2052]],

        [[-0.1293,  0.0977,  0.1966],
         [-0.1301,  0.0986,  0.1986],
         [-0.1302,  0.0991,  0.1995],
         ...,
         [ 0.1368,  0.1020,  0.2050],
         [ 0.1361,  0.1011,  0.2033],
         [ 0.1356,  0.1003,  0.2017]]], grad_fn=<ViewBackward0>)]
==============================================================
confidence_masks type is : 
 [tensor([[False, False, False,  ..., False, False, False],
        [False, False, False,  ..., False, False, False],
        [False, False, False,  ..., False, False, False],
        ...,
        [ True,  True,  True,  ...,  True,  True,  True],
        [ True,  True,  True,  ...,  True,  True,  True],
        [ True,  True,  True,  ...,  True,  True,  True]]), tensor([[False, False, False,  ..., False, False, False],
        [False, False, False,  ..., False, False, False],
        [False, False, False,  ..., False, False, False],
        ...,
        [ True,  True,  True,  ...,  True,  True,  True],
        [ True,  True,  True,  ...,  True,  True,  True],
        [ True,  True,  True,  ...,  True,  True,  True]])]
==============================================================
intrinsics type is : 
 tensor([[[384.1885,   0.0000, 256.0000],
         [  0.0000, 384.1885, 192.0000],
         [  0.0000,   0.0000,   1.0000]],

        [[383.9380,   0.0000, 256.0000],
         [  0.0000, 383.9380, 192.0000],
         [  0.0000,   0.0000,   1.0000]]], grad_fn=<CopySlices>)
==============================================================
focal type is : 
 tensor([[384.1885],
        [383.9380]], grad_fn=<ExpBackward0>)
==============================================================
this is scene.get_pw_poses: 
 <bound method BasePCOptimizer.get_pw_poses of PointCloudOptimizer(
  (pred_i): ParameterDict(
      (0_1): Parameter containing: [torch.FloatTensor of size 384x512x3]
      (1_0): Parameter containing: [torch.FloatTensor of size 384x512x3]
  )
  (pred_j): ParameterDict(
      (0_1): Parameter containing: [torch.FloatTensor of size 384x512x3]
      (1_0): Parameter containing: [torch.FloatTensor of size 384x512x3]
  )
  (conf_i): ParameterDict(
      (0_1): Parameter containing: [torch.FloatTensor of size 384x512]
      (1_0): Parameter containing: [torch.FloatTensor of size 384x512]
  )
  (conf_j): ParameterDict(
      (0_1): Parameter containing: [torch.FloatTensor of size 384x512]
      (1_0): Parameter containing: [torch.FloatTensor of size 384x512]
  )
  (im_conf): ParameterList(
      (0): Parameter containing: [torch.float32 of size 384x512]
      (1): Parameter containing: [torch.float32 of size 384x512]
  )
)  
==============================================================
===================================================================
======================================================================
===========================================================================
================================================================================
====================================================================================
========================================================================================
====================================================================================
================================================================================
===========================================================================
======================================================================
===================================================================
==============================================================


this is image: 
 [array([[[0.        , 0.        , 0.        ],
        [0.        , 0.        , 0.        ],
        [0.        , 0.        , 0.        ],
        ...,
        [0.03921568, 0.03529412, 0.03529412],
        [0.00392157, 0.00392157, 0.00392157],
        [0.        , 0.        , 0.        ]],

       [[0.        , 0.        , 0.        ],
        [0.        , 0.        , 0.        ],
        [0.        , 0.        , 0.        ],
        ...,
        [0.04313725, 0.03529412, 0.03921568],
        [0.01568627, 0.01568627, 0.01568627],
        [0.        , 0.        , 0.        ]],

       [[0.        , 0.        , 0.        ],
        [0.        , 0.        , 0.        ],
        [0.01176471, 0.01176471, 0.01568627],
        ...,
        [0.05882353, 0.05882353, 0.06666666],
        [0.04313725, 0.04313725, 0.04313725],
        [0.01568627, 0.01568627, 0.01568627]],

       ...,

       [[0.        , 0.        , 0.        ],
        [0.        , 0.        , 0.        ],
        [0.        , 0.        , 0.        ],
        ...,
        [0.        , 0.        , 0.        ],
        [0.        , 0.        , 0.        ],
        [0.        , 0.        , 0.        ]],

       [[0.        , 0.        , 0.        ],
        [0.        , 0.        , 0.        ],
        [0.        , 0.        , 0.        ],
        ...,
        [0.        , 0.        , 0.        ],
        [0.        , 0.        , 0.        ],
        [0.        , 0.        , 0.        ]],

       [[0.        , 0.        , 0.        ],
        [0.        , 0.        , 0.        ],
        [0.        , 0.        , 0.        ],
        ...,
        [0.        , 0.        , 0.        ],
        [0.        , 0.        , 0.        ],
        [0.        , 0.        , 0.        ]]], dtype=float32), array([[[0.        , 0.        , 0.        ],
        [0.        , 0.        , 0.        ],
        [0.        , 0.        , 0.        ],
        ...,
        [0.05490196, 0.04705882, 0.04313725],
        [0.04705882, 0.04313725, 0.03921568],
        [0.01568627, 0.01176471, 0.01176471]],

       [[0.        , 0.        , 0.        ],
        [0.        , 0.        , 0.        ],
        [0.        , 0.        , 0.        ],
        ...,
        [0.07843137, 0.06666666, 0.06666666],
        [0.05098039, 0.04313725, 0.03921568],
        [0.02352941, 0.01960784, 0.01568627]],

       [[0.        , 0.        , 0.        ],
        [0.        , 0.        , 0.        ],
        [0.00784314, 0.00784314, 0.01568627],
        ...,
        [0.09803921, 0.08235294, 0.0745098 ],
        [0.05882353, 0.04313725, 0.04313725],
        [0.02745098, 0.02352941, 0.01960784]],

       ...,

       [[0.        , 0.        , 0.        ],
        [0.        , 0.        , 0.        ],
        [0.        , 0.        , 0.        ],
        ...,
        [0.        , 0.        , 0.        ],
        [0.        , 0.        , 0.        ],
        [0.        , 0.        , 0.        ]],

       [[0.        , 0.        , 0.        ],
        [0.        , 0.        , 0.        ],
        [0.        , 0.        , 0.        ],
        ...,
        [0.        , 0.        , 0.        ],
        [0.        , 0.        , 0.        ],
        [0.        , 0.        , 0.        ]],

       [[0.        , 0.        , 0.        ],
        [0.        , 0.        , 0.        ],
        [0.        , 0.        , 0.        ],
        ...,
        [0.        , 0.        , 0.        ],
        [0.        , 0.        , 0.        ],
        [0.        , 0.        , 0.        ]]], dtype=float32)]
==============================================================================
this is focal: 
 tensor([[383.9605],
        [382.9471]], grad_fn=<ExpBackward0>)
==============================================================================
this is pose: 
 tensor([[[ 9.9984e-01, -6.1440e-03,  1.6592e-02, -2.0280e-02],
         [ 6.2223e-03,  9.9997e-01, -4.6759e-03, -1.0562e-03],
         [-1.6563e-02,  4.7785e-03,  9.9985e-01,  2.1002e-04],
         [ 0.0000e+00,  0.0000e+00,  0.0000e+00,  1.0000e+00]],

        [[ 9.9997e-01, -6.5031e-03, -5.0093e-03,  0.0000e+00],
         [ 6.4753e-03,  9.9996e-01, -5.5443e-03,  0.0000e+00],
         [ 5.0452e-03,  5.5116e-03,  9.9997e-01,  0.0000e+00],
         [ 0.0000e+00,  0.0000e+00,  0.0000e+00,  1.0000e+00]]],
       grad_fn=<CopySlices>)
==============================================================================
this is pts3d: 
 [tensor([[[-0.3542, -0.2637,  0.5207],
         [-0.3597, -0.2691,  0.5315],
         [-0.3596, -0.2701,  0.5334],
         ...,
         [ 0.3474, -0.2724,  0.5349],
         [ 0.3494, -0.2728,  0.5357],
         [ 0.3644, -0.2827,  0.5552]],

        [[-0.3582, -0.2655,  0.5269],
         [-0.3486, -0.2590,  0.5141],
         [-0.3556, -0.2655,  0.5271],
         ...,
         [ 0.3480, -0.2713,  0.5357],
         [ 0.3500, -0.2718,  0.5366],
         [ 0.3528, -0.2728,  0.5386]],

        [[-0.3531, -0.2601,  0.5189],
         [-0.3545, -0.2623,  0.5233],
         [-0.3563, -0.2647,  0.5281],
         ...,
         [ 0.3442, -0.2672,  0.5302],
         [ 0.3469, -0.2681,  0.5320],
         [ 0.3472, -0.2673,  0.5305]],

        ...,

        [[-0.1450,  0.0912,  0.1937],
         [-0.1439,  0.0908,  0.1927],
         [-0.1442,  0.0914,  0.1941],
         ...,
         [ 0.1135,  0.0967,  0.1974],
         [ 0.1145,  0.0971,  0.1981],
         [ 0.1155,  0.0974,  0.1988]],

        [[-0.1443,  0.0912,  0.1926],
         [-0.1434,  0.0910,  0.1921],
         [-0.1449,  0.0924,  0.1951],
         ...,
         [ 0.1141,  0.0977,  0.1983],
         [ 0.1147,  0.0978,  0.1984],
         [ 0.1157,  0.0981,  0.1991]],

        [[-0.1437,  0.0912,  0.1916],
         [-0.1443,  0.0921,  0.1934],
         [-0.1439,  0.0922,  0.1935],
         ...,
         [ 0.1133,  0.0977,  0.1972],
         [ 0.1136,  0.0975,  0.1969],
         [ 0.1126,  0.0964,  0.1946]]], grad_fn=<ViewBackward0>), tensor([[[-0.3358, -0.2561,  0.4979],
         [-0.3455, -0.2646,  0.5143],
         [-0.3442, -0.2646,  0.5144],
         ...,
         [ 0.3395, -0.2590,  0.5155],
         [ 0.3434, -0.2609,  0.5194],
         [ 0.3539, -0.2678,  0.5332]],

        [[-0.3471, -0.2634,  0.5147],
         [-0.3372, -0.2568,  0.5019],
         [-0.3434, -0.2626,  0.5132],
         ...,
         [ 0.3449, -0.2618,  0.5238],
         [ 0.3446, -0.2605,  0.5213],
         [ 0.3444, -0.2593,  0.5189]],

        [[-0.3417, -0.2579,  0.5066],
         [-0.3391, -0.2570,  0.5047],
         [-0.3425, -0.2606,  0.5119],
         ...,
         [ 0.3390, -0.2559,  0.5148],
         [ 0.3425, -0.2575,  0.5180],
         [ 0.3405, -0.2550,  0.5130]],

        ...,

        [[-0.1309,  0.0936,  0.1933],
         [-0.1307,  0.0938,  0.1937],
         [-0.1303,  0.0939,  0.1939],
         ...,
         [ 0.1281,  0.0967,  0.1975],
         [ 0.1294,  0.0972,  0.1987],
         [ 0.1298,  0.0972,  0.1986]],

        [[-0.1300,  0.0934,  0.1920],
         [-0.1303,  0.0940,  0.1932],
         [-0.1302,  0.0943,  0.1938],
         ...,
         [ 0.1286,  0.0975,  0.1983],
         [ 0.1290,  0.0974,  0.1981],
         [ 0.1296,  0.0975,  0.1983]],

        [[-0.1294,  0.0935,  0.1912],
         [-0.1297,  0.0941,  0.1923],
         [-0.1298,  0.0945,  0.1932],
         ...,
         [ 0.1278,  0.0975,  0.1971],
         [ 0.1281,  0.0973,  0.1967],
         [ 0.1263,  0.0956,  0.1933]]], grad_fn=<ViewBackward0>)]
==============================================================================
this is confidence mask: 
 [tensor([[False, False, False,  ..., False, False, False],
        [False, False, False,  ..., False, False, False],
        [False, False, False,  ..., False, False, False],
        ...,
        [ True,  True,  True,  ...,  True,  True,  True],
        [ True,  True,  True,  ...,  True,  True,  True],
        [ True,  True,  True,  ...,  True,  True, False]]), tensor([[False, False, False,  ..., False, False, False],
        [False, False, False,  ..., False, False, False],
        [False, False, False,  ..., False, False, False],
        ...,
        [ True,  True,  True,  ...,  True,  True,  True],
        [ True,  True,  True,  ...,  True,  True,  True],
        [ True,  True,  True,  ...,  True,  True, False]])]
==============================================================================
this is intrinsics: 
 tensor([[[383.9605,   0.0000, 256.0000],
         [  0.0000, 383.9605, 192.0000],
         [  0.0000,   0.0000,   1.0000]],

        [[382.9471,   0.0000, 256.0000],
         [  0.0000, 382.9471, 192.0000],
         [  0.0000,   0.0000,   1.0000]]], grad_fn=<CopySlices>)
==============================================================================
this is scene.get_pw_poses: 
 <bound method BasePCOptimizer.get_pw_poses of PointCloudOptimizer(
  (pred_i): ParameterDict(
      (0_1): Parameter containing: [torch.FloatTensor of size 384x512x3]
      (1_0): Parameter containing: [torch.FloatTensor of size 384x512x3]
  )
  (pred_j): ParameterDict(
      (0_1): Parameter containing: [torch.FloatTensor of size 384x512x3]
      (1_0): Parameter containing: [torch.FloatTensor of size 384x512x3]
  )
  (conf_i): ParameterDict(
      (0_1): Parameter containing: [torch.FloatTensor of size 384x512]
      (1_0): Parameter containing: [torch.FloatTensor of size 384x512]
  )
  (conf_j): ParameterDict(
      (0_1): Parameter containing: [torch.FloatTensor of size 384x512]
      (1_0): Parameter containing: [torch.FloatTensor of size 384x512]
  )
  (im_conf): ParameterList(
      (0): Parameter containing: [torch.float32 of size 384x512]
      (1): Parameter containing: [torch.float32 of size 384x512]
  )
)>
==============================================================================
this is known_mask: 
 tensor([False, False])
==============================================================================
this is principal_points: 
 tensor([[256., 192.],
        [256., 192.]])
==============================================================================
this is depthmap: 
 [tensor([[0.5161, 0.5268, 0.5288,  ..., 0.5420, 0.5428, 0.5626],
        [0.5223, 0.5095, 0.5224,  ..., 0.5427, 0.5437, 0.5457],
        [0.5143, 0.5187, 0.5235,  ..., 0.5372, 0.5391, 0.5376],
        ...,
        [0.1909, 0.1900, 0.1913,  ..., 0.1989, 0.1996, 0.2003],
        [0.1899, 0.1894, 0.1923,  ..., 0.1998, 0.1999, 0.2006],
        [0.1889, 0.1906, 0.1908,  ..., 0.1987, 0.1984, 0.1961]],
       grad_fn=<ViewBackward0>), tensor([[0.5010, 0.5175, 0.5176,  ..., 0.5153, 0.5191, 0.5328],
        [0.5179, 0.5050, 0.5163,  ..., 0.5235, 0.5210, 0.5186],
        [0.5097, 0.5078, 0.5151,  ..., 0.5145, 0.5177, 0.5127],
        ...,
        [0.1934, 0.1938, 0.1941,  ..., 0.1964, 0.1975, 0.1974],
        [0.1921, 0.1933, 0.1940,  ..., 0.1971, 0.1969, 0.1971],
        [0.1913, 0.1924, 0.1934,  ..., 0.1959, 0.1955, 0.1921]],
       grad_fn=<ViewBackward0>)]
